585167411 , 2791691 , 
196169247 , 78262439 , 
621750264 , 93725974 , 
487304214 , 97521018 , 
128707068 , 152323938 , 
20018680 , 209692007 , 
265421727 , 229542041 , 
469758395 , 235724272 , 
875773967 , 294399446 , 
529557810 , 315291027 , 
817747533 , 322974195 , 
473653430 , 355971144 , 
388125420 , 441411738 , 
679485636 , 527669967 , 
577762758 , 647505025 , 
527566362 , 839283427 , 
143824078 , 1050841710 , 
698531797 , 1117343976 , 
23945404 , 1144558590 , 
888792064 , 1153106575 , 
132656915 , 1179517227 , 
433619473 , 1235288287 , 
479844798 , 1324840870 , 
356945905 , 1360566896 , 
407992436 , 1400016548 , 
107017204 , 1462007028 , 
308754823 , 1497524231 , 
671364104 , 1509984469 , 
757212008 , 1544094805 , 
720306030 , 1692061432 , 
37441186 , 1780339043 , 
738398113 , 1782704902 , 
252167354 , 1818353843 , 
557068225 , 1830940756 , 
329797264 , 1888407960 , 
771246074 , 1919352896 , 
477882712 , 1939690969 , 
516216550 , 1953474194 , 
40527030 , 2084359975 , 
323066876 , 2105013019 , 
908477296 , 37620980 , 
1477664877 , 89451732 , 
1659172621 , 406509567 , 
1150759051 , 525740514 , 
1304882413 , 581964618 , 
960062125 , 594207483 , 
1166570543 , 642378998 , 
1381838434 , 803900192 , 
1252853759 , 881645866 , 
1506653618 , 944907363 , 
1023583462 , 979038753 , 
1190213214 , 1086801532 , 
1614330966 , 1190064425 , 
1563354364 , 1195694890 , 
1054014592 , 1217225495 , 
1289420864 , 1217232119 , 
1162103222 , 1218242911 , 
1155898266 , 1243415982 , 
1641876843 , 1245134883 , 
996532666 , 1258102117 , 
1304822190 , 1369895901 , 
1268326865 , 1375897291 , 
1681009015 , 1473959475 , 
1180954783 , 1501466174 , 
1579587908 , 1514408148 , 
1654697271 , 1521867564 , 
1348018828 , 1628783326 , 
1245792994 , 1650564183 , 
1535145211 , 1677546284 , 
1164397649 , 1779933097 , 
1115875460 , 1792186627 , 
1514917316 , 1808234623 , 
1595595235 , 1810500213 , 
1559278155 , 1861950639 , 
1587286361 , 1907971059 , 
1136687428 , 1933349297 , 
1034563350 , 2012855991 , 
1709890615 , 2055362607 , 
1658643857 , 2064703021 , 
990112159 , 2096749553 , 
2069835319 , 17565472 , 
1887044266 , 39255336 , 
2039188479 , 282751783 , 
1729682413 , 489956044 , 
1933845055 , 570084840 , 
2110377009 , 623089083 , 
2057345308 , 648732784 , 
1795485573 , 713166018 , 
2031992436 , 734797573 , 
1927785704 , 814866146 , 
1755987692 , 1359870963 , 
2097385544 , 1405396760 , 
1992837311 , 1445005264 , 
2074649255 , 1492433316 , 
1911003565 , 1524099028 , 
380073132 , 1575279570 , 
1956582001 , 1815457908 , 
1858195536 , 1952541140 , 
2043612533 , 2026317226 , 
2037776664 , 2081053720 , 
