585167411 , 2791691 , 0 , 0 , 
196169247 , 78262439 , 0 , 0 , 
000000000000000000000000000000000000000000000000000
621750264 , 93725974 , 0 , 0 , 
487304214 , 97521018 , 0 , 0 , 
000000000000000000000000000000000000000000000000000
128707068 , 152323938 , 0 , 0 , 
20018680 , 209692007 , 0 , 0 , 
000000000000000000000000000000000000000000000000000
265421727 , 229542041 , 0 , 0 , 
469758395 , 235724272 , 0 , 0 , 
000000000000000000000000000000000000000000000000000
875773967 , 294399446 , 0 , 0 , 
529557810 , 315291027 , 0 , 0 , 
000000000000000000000000000000000000000000000000000
817747533 , 322974195 , 0 , 0 , 
473653430 , 355971144 , 0 , 0 , 
000000000000000000000000000000000000000000000000000
388125420 , 441411738 , 0 , 0 , 
679485636 , 527669967 , 0 , 0 , 
000000000000000000000000000000000000000000000000000
577762758 , 647505025 , 0 , 0 , 
527566362 , 839283427 , 0 , 0 , 
000000000000000000000000000000000000000000000000000
143824078 , 1050841710 , 0 , 0 , 
698531797 , 1117343976 , 0 , 0 , 
000000000000000000000000000000000000000000000000000
23945404 , 1144558590 , 0 , 0 , 
888792064 , 1153106575 , 0 , 0 , 
000000000000000000000000000000000000000000000000000
132656915 , 1179517227 , 0 , 0 , 
433619473 , 1235288287 , 0 , 0 , 
000000000000000000000000000000000000000000000000000
479844798 , 1324840870 , 0 , 0 , 
356945905 , 1360566896 , 0 , 0 , 
000000000000000000000000000000000000000000000000000
407992436 , 1400016548 , 0 , 0 , 
107017204 , 1462007028 , 0 , 0 , 
000000000000000000000000000000000000000000000000000
308754823 , 1497524231 , 0 , 0 , 
671364104 , 1509984469 , 0 , 0 , 
000000000000000000000000000000000000000000000000000
757212008 , 1544094805 , 0 , 0 , 
720306030 , 1692061432 , 0 , 0 , 
000000000000000000000000000000000000000000000000000
37441186 , 1780339043 , 0 , 0 , 
738398113 , 1782704902 , 0 , 0 , 
000000000000000000000000000000000000000000000000000
252167354 , 1818353843 , 0 , 0 , 
557068225 , 1830940756 , 0 , 0 , 
000000000000000000000000000000000000000000000000000
329797264 , 1888407960 , 0 , 0 , 
771246074 , 1919352896 , 0 , 0 , 
000000000000000000000000000000000000000000000000000
477882712 , 1939690969 , 0 , 0 , 
516216550 , 1953474194 , 0 , 0 , 
000000000000000000000000000000000000000000000000000
40527030 , 2084359975 , 0 , 0 , 
323066876 , 2105013019 , 0 , 0 , 
000000000000000000000000000000000000000000000000000
908477296 , 37620980 , 0 , 0 , 
1477664877 , 89451732 , 0 , 0 , 
000000000000000000000000000000000000000000000000000
1659172621 , 406509567 , 0 , 0 , 
1150759051 , 525740514 , 0 , 0 , 
000000000000000000000000000000000000000000000000000
1304882413 , 581964618 , 0 , 0 , 
960062125 , 594207483 , 0 , 0 , 
000000000000000000000000000000000000000000000000000
1166570543 , 642378998 , 0 , 0 , 
1381838434 , 803900192 , 0 , 0 , 
000000000000000000000000000000000000000000000000000
1252853759 , 881645866 , 0 , 0 , 
1506653618 , 944907363 , 0 , 0 , 
000000000000000000000000000000000000000000000000000
1023583462 , 979038753 , 0 , 0 , 
1190213214 , 1086801532 , 0 , 0 , 
000000000000000000000000000000000000000000000000000
1614330966 , 1190064425 , 0 , 0 , 
1563354364 , 1195694890 , 0 , 0 , 
000000000000000000000000000000000000000000000000000
1054014592 , 1217225495 , 0 , 0 , 
1289420864 , 1217232119 , 0 , 0 , 
000000000000000000000000000000000000000000000000000
1162103222 , 1218242911 , 0 , 0 , 
1155898266 , 1243415982 , 0 , 0 , 
000000000000000000000000000000000000000000000000000
1641876843 , 1245134883 , 0 , 0 , 
996532666 , 1258102117 , 0 , 0 , 
000000000000000000000000000000000000000000000000000
1304822190 , 1369895901 , 0 , 0 , 
1268326865 , 1375897291 , 0 , 0 , 
000000000000000000000000000000000000000000000000000
1681009015 , 1473959475 , 0 , 0 , 
1180954783 , 1501466174 , 0 , 0 , 
000000000000000000000000000000000000000000000000000
1579587908 , 1514408148 , 0 , 0 , 
1654697271 , 1521867564 , 0 , 0 , 
000000000000000000000000000000000000000000000000000
1348018828 , 1628783326 , 0 , 0 , 
1245792994 , 1650564183 , 0 , 0 , 
000000000000000000000000000000000000000000000000000
1535145211 , 1677546284 , 0 , 0 , 
1164397649 , 1779933097 , 0 , 0 , 
000000000000000000000000000000000000000000000000000
1115875460 , 1792186627 , 0 , 0 , 
1514917316 , 1808234623 , 0 , 0 , 
000000000000000000000000000000000000000000000000000
1595595235 , 1810500213 , 0 , 0 , 
1559278155 , 1861950639 , 0 , 0 , 
000000000000000000000000000000000000000000000000000
1587286361 , 1907971059 , 0 , 0 , 
1136687428 , 1933349297 , 0 , 0 , 
000000000000000000000000000000000000000000000000000
1034563350 , 2012855991 , 0 , 0 , 
1709890615 , 2055362607 , 0 , 0 , 
000000000000000000000000000000000000000000000000000
1658643857 , 2064703021 , 0 , 0 , 
990112159 , 2096749553 , 0 , 0 , 
000000000000000000000000000000000000000000000000000
2069835319 , 17565472 , 0 , 0 , 
1887044266 , 39255336 , 0 , 0 , 
000000000000000000000000000000000000000000000000000
2039188479 , 282751783 , 0 , 0 , 
1729682413 , 489956044 , 0 , 0 , 
000000000000000000000000000000000000000000000000000
1933845055 , 570084840 , 0 , 0 , 
2110377009 , 623089083 , 0 , 0 , 
000000000000000000000000000000000000000000000000000
2057345308 , 648732784 , 0 , 0 , 
1795485573 , 713166018 , 0 , 0 , 
000000000000000000000000000000000000000000000000000
2031992436 , 734797573 , 0 , 0 , 
1927785704 , 814866146 , 0 , 0 , 
000000000000000000000000000000000000000000000000000
1755987692 , 1359870963 , 0 , 0 , 
2097385544 , 1405396760 , 0 , 0 , 
000000000000000000000000000000000000000000000000000
1992837311 , 1445005264 , 0 , 0 , 
2074649255 , 1492433316 , 0 , 0 , 
000000000000000000000000000000000000000000000000000
1911003565 , 1524099028 , 0 , 0 , 
380073132 , 1575279570 , 0 , 0 , 
000000000000000000000000000000000000000000000000000
1956582001 , 1815457908 , 0 , 0 , 
1858195536 , 1952541140 , 0 , 0 , 
000000000000000000000000000000000000000000000000000
2043612533 , 2026317226 , 0 , 0 , 
2037776664 , 2081053720 , 0 , 0 , 
000000000000000000000000000000000000000000000000000
